100 3000 10
99 99 50 50
18 73 17 73
33 16 33 17
98 58 98 59
84 49 85 49
13 63 12 63
50 56 12 63
98 1 98 2
35 93 36 93
76 14 76 13
4 3 3 3
84 70 83 70
49 88 50 88
55 93 54 93
68 29 68 30
64 71 65 71
45 30 46 30
98 59 98 58
3 54 98 58
83 13 84 13
81 93 81 92
16 96 16 95
93 92 16 95
55 65 56 65
39 37 56 65
64 65 64 66
76 5 76 6
32 96 32 97
54 86 55 86
47 71 47 70
12 57 47 70
14 21 47 70
51 48 51 49
94 4 94 5
6 40 94 5
76 75 76 76
83 22 84 22
65 30 64 30
26 70 64 30
30 52 64 30
45 74 45 73
59 35 45 73
78 94 77 94
50 95 77 94
17 67 77 94
27 55 26 55
62 47 26 55
71 26 26 55
53 63 53 62
54 45 53 45
69 70 53 45
79 43 79 44
77 4 78 4
82 23 78 4
75 24 74 24
71 33 70 33
87 10 86 10
3 58 2 58
97 97 97 96
32 35 31 35
80 24 80 23
38 9 39 9
21 33 39 9
22 85 22 84
83 92 83 91
59 90 59 89
64 61 63 61
4 40 4 41
44 54 45 54
34 14 34 13
94 66 95 66
78 56 77 56
29 3 29 4
19 5 20 5
58 91 20 5
87 55 20 5
29 81 20 5
58 29 20 5
84 4 84 5
87 74 87 73
85 81 85 82
8 95 8 94
17 28 16 28
40 10 39 10
40 39 41 39
54 73 54 72
17 2 54 72
5 76 6 76
73 59 74 59
91 80 74 59
5 49 6 49
45 13 46 13
74 87 74 88
76 25 76 26
14 86 14 87
38 65 38 66
3 42 38 66
52 37 51 37
21 26 21 25
73 18 73 17
55 28 55 27
87 13 87 14
71 45 87 14
63 69 64 69
9 93 8 93
11 18 12 18
22 69 23 69
35 98 35 97
77 65 77 64
48 44 48 43
15 38 16 38
78 92 78 93
18 75 78 93
14 42 13 42
53 10 53 11
19 17 19 16
15 79 19 16
49 10 19 16
71 29 19 16
11 35 11 34
38 73 11 34
15 59 15 58
14 6 14 5
2 79 1 79
12 53 11 53
6 25 7 25
76 54 77 54
15 58 16 58
88 31 89 31
96 14 96 15
49 70 49 69
71 33 71 34
41 13 42 13
84 41 83 41
4 2 4 1
93 77 93 76
58 51 58 50
52 9 51 9
41 77 41 78
15 33 16 33
80 70 80 71
85 46 85 45
24 70 25 70
40 26 41 26
47 11 47 10
12 97 12 98
12 84 12 98
83 44 84 44
50 40 49 40
42 24 42 23
75 39 76 39
43 13 76 39
79 75 76 39
12 32 13 32
3 32 3 33
10 35 3 33
10 94 9 94
3 82 2 82
38 97 38 96
64 61 65 61
13 65 13 64
10 66 11 66
23 20 24 20
41 40 40 40
91 66 40 40
38 17 39 17
19 70 18 70
41 80 18 70
96 89 97 89
23 39 23 40
69 21 68 21
92 86 93 86
33 9 33 10
56 71 56 70
70 57 56 70
59 2 59 3
44 22 44 21
63 4 63 5
74 3 73 3
89 46 73 3
18 76 19 76
18 34 18 33
51 73 51 74
23 79 22 79
30 63 29 63
23 68 23 67
65 84 65 85
88 82 89 82
31 41 31 42
88 62 89 62
92 53 92 52
72 79 72 78
83 29 82 29
10 98 82 29
83 48 84 48
66 27 66 26
39 89 39 88
71 48 72 48
90 90 90 91
77 11 76 11
78 66 76 11
49 23 50 23
33 55 34 55
73 93 72 93
64 88 64 89
92 82 92 81
50 66 51 66
70 94 69 94
68 12 68 11
81 13 81 12
95 11 96 11
79 85 78 85
57 31 57 32
56 51 57 51
42 57 43 57
80 63 81 63
16 56 81 63
69 53 68 53
85 38 85 37
32 49 85 37
1 25 85 37
57 75 56 75
4 81 56 75
32 34 33 34
23 37 24 37
70 26 70 25
40 75 40 74
88 58 89 58
70 46 70 47
54 16 55 16
74 50 75 50
37 14 36 14
16 73 15 73
70 38 71 38
10 65 10 64
74 40 74 41
65 87 65 86
98 68 98 67
1 16 1 17
92 58 92 57
40 70 40 71
44 94 40 71
64 15 64 16
49 27 64 16
1 36 64 16
93 95 64 16
26 60 64 16
67 53 67 52
90 22 90 23
80 86 90 23
26 47 90 23
1 87 1 88
75 55 75 56
44 80 75 56
94 90 93 90
64 96 65 96
82 84 82 83
81 3 81 4
93 81 94 81
82 51 82 50
23 10 82 50
2 45 2 44
91 53 2 44
39 20 39 21
34 63 35 63
60 66 59 66
35 66 34 66
96 76 96 77
9 46 8 46
85 57 84 57
22 65 23 65
89 12 89 13
82 89 82 88
78 39 79 39
68 27 69 27
43 35 42 35
10 90 42 35
85 48 85 49
66 72 65 72
22 39 65 72
35 46 65 72
95 30 95 31
72 52 73 52
62 34 73 52
43 92 44 92
34 79 35 79
85 4 35 79
52 41 52 42
98 32 98 31
25 10 26 10
75 57 26 10
94 19 26 10
34 59 26 10
21 18 22 18
92 57 92 56
40 97 40 98
31 15 32 15
92 88 92 87
9 14 10 14
51 42 51 43
13 24 12 24
8 77 7 77
97 28 96 28
64 91 96 28
93 79 93 80
44 85 44 84
16 79 17 79
13 29 13 30
30 64 30 65
49 97 50 97
30 31 30 30
60 71 30 30
50 28 50 29
92 34 92 33
64 76 63 76
28 11 27 11
2 1 2 2
41 50 2 2
37 26 37 27
21 98 22 98
4 2 4 3
19 86 4 3
8 73 8 74
33 17 32 17
60 84 60 83
2 5 60 83
8 68 9 68
6 36 5 36
56 12 57 12
4 64 5 64
96 36 97 36
85 58 85 59
43 81 43 80
34 83 35 83
32 8 35 83
76 23 76 22
55 78 76 22
82 67 81 67
46 71 46 72
69 26 46 72
55 85 54 85
92 35 54 85
93 97 92 97
33 23 32 23
20 8 21 8
55 6 54 6
82 12 54 6
61 65 61 64
13 41 12 41
17 69 16 69
57 86 58 86
51 98 51 99
4 95 51 99
35 12 35 11
42 11 42 10
5 50 4 50
94 34 94 33
95 17 95 16
49 15 49 14
13 55 14 55
65 72 66 72
43 44 66 72
51 75 51 76
14 17 14 18
68 72 14 18
90 67 14 18
4 38 5 38
26 48 26 49
67 42 66 42
53 45 54 45
74 9 73 9
39 84 73 9
41 54 41 53
41 46 41 45
42 96 41 45
65 2 41 45
16 20 16 19
94 42 94 41
74 9 74 10
36 62 36 63
47 95 47 96
11 75 10 75
18 7 10 75
63 74 63 73
32 90 63 73
96 44 96 43
83 48 83 49
40 60 83 49
44 69 83 49
22 4 23 4
33 88 34 88
73 18 72 18
24 53 72 18
7 13 72 18
88 35 87 35
27 34 26 34
81 74 26 34
83 11 82 11
28 83 29 83
66 56 65 56
76 48 76 49
91 37 92 37
26 77 26 78
31 55 31 56
87 47 31 56
25 62 24 62
33 53 34 53
2 96 34 53
49 66 49 67
10 52 49 67
66 75 49 67
55 6 55 5
59 1 60 1
39 90 38 90
70 16 70 15
66 96 66 95
70 83 66 95
71 37 66 95
53 70 66 95
53 78 66 95
40 58 40 57
17 65 17 66
76 18 17 66
21 33 20 33
55 95 20 33
5 48 5 49
52 37 51 37
12 12 11 12
50 35 50 36
35 48 35 49
44 50 44 51
15 62 15 61
19 54 20 54
3 23 3 22
48 17 3 22
37 53 37 52
66 37 66 38
89 36 89 37
43 63 44 63
92 63 92 64
92 55 91 55
9 17 10 17
20 30 19 30
14 33 15 33
62 13 62 14
84 93 85 93
1 12 1 13
79 7 1 13
28 69 28 70
45 7 44 7
95 71 95 72
86 95 85 95
34 88 34 87
23 62 22 62
28 87 27 87
50 16 50 17
38 88 50 17
64 51 63 51
78 62 77 62
20 50 77 62
90 26 91 26
67 33 67 34
96 69 96 68
64 82 96 68
28 98 96 68
44 63 43 63
2 97 2 96
91 35 90 35
70 81 70 82
39 98 38 98
30 66 30 65
35 91 36 91
53 19 54 19
33 25 33 26
72 81 33 26
8 69 33 26
66 20 66 21
35 36 35 37
90 40 90 39
63 28 63 29
48 77 48 78
31 44 32 44
78 98 79 98
95 75 95 76
69 20 68 20
65 42 68 20
89 18 90 18
41 80 41 81
62 43 61 43
17 18 17 17
29 12 17 17
90 7 17 17
23 88 22 88
29 73 30 73
65 73 65 72
55 42 54 42
3 40 54 42
29 11 30 11
36 88 36 87
35 77 36 87
49 3 48 3
43 45 44 45
15 33 16 33
88 74 87 74
45 10 44 10
93 14 93 13
41 32 41 31
68 7 68 6
4 11 5 11
52 48 53 48
13 87 13 86
36 2 13 86
42 15 42 14
83 93 84 93
78 35 78 36
12 87 78 36
80 93 78 36
61 73 61 74
69 51 69 50
29 81 29 80
71 18 70 18
77 66 76 66
23 31 24 31
56 36 24 31
3 33 24 31
35 68 35 67
61 17 61 18
91 14 91 13
9 84 91 13
47 70 91 13
93 65 91 13
4 80 4 79
58 88 59 88
20 10 59 88
19 87 20 87
62 43 62 42
38 21 39 21
49 57 49 58
16 77 17 77
35 38 17 77
2 69 1 69
83 17 83 18
96 72 95 72
59 4 59 5
77 87 77 88
36 48 36 49
52 78 52 79
7 13 7 14
5 83 4 83
6 15 4 83
18 68 4 83
98 46 4 83
35 73 35 72
61 90 62 90
80 31 79 31
72 46 73 46
15 6 15 5
55 94 55 93
33 85 32 85
79 56 79 57
49 46 49 45
97 44 97 45
90 31 97 45
67 19 66 19
44 87 43 87
66 23 43 87
83 81 83 82
44 97 43 97
75 3 75 4
27 50 28 50
51 92 52 92
13 32 13 31
43 85 44 85
87 60 87 61
48 64 49 64
56 57 56 58
70 16 56 58
63 35 64 35
20 2 20 3
54 14 53 14
84 10 85 10
59 49 85 10
37 20 38 20
68 14 68 13
3 60 3 61
82 91 83 91
69 90 69 91
1 70 2 70
55 21 56 21
44 85 45 85
10 69 45 85
21 23 21 24
75 3 21 24
28 55 29 55
6 67 7 67
90 65 7 67
84 69 83 69
32 51 32 52
16 73 15 73
50 12 15 73
13 83 13 84
6 67 7 67
2 3 2 2
60 36 60 37
22 77 23 77
72 91 72 90
69 82 69 83
65 54 69 83
22 90 22 91
90 50 91 50
64 36 64 35
20 34 64 35
36 23 64 35
11 94 11 93
44 19 44 18
33 33 33 32
50 36 33 32
60 2 61 2
17 33 18 33
26 10 18 33
69 80 70 80
70 55 71 55
74 18 71 55
59 51 60 51
11 81 10 81
20 86 19 86
4 96 4 97
49 54 50 54
76 77 77 77
87 69 77 77
10 31 10 32
18 37 19 37
85 93 85 94
46 96 47 96
29 39 30 39
45 63 30 39
38 12 30 39
39 27 39 28
3 38 39 28
76 14 39 28
48 97 48 98
33 80 32 80
7 41 8 41
17 81 16 81
15 56 16 81
32 96 33 96
65 65 65 66
16 91 17 91
50 85 17 91
18 92 17 91
33 93 32 93
92 16 93 16
98 73 98 74
85 62 98 74
79 30 79 29
5 82 6 82
86 86 6 82
65 30 65 31
36 85 36 86
52 35 52 36
13 86 14 86
24 72 23 72
59 97 58 97
63 28 63 29
94 69 94 68
32 13 31 13
87 96 86 96
55 57 56 57
23 77 56 57
25 66 25 67
67 47 68 47
30 47 68 47
97 9 97 8
7 59 6 59
79 23 80 23
37 61 36 61
75 65 74 65
73 51 72 51
52 66 72 51
83 39 83 40
35 46 35 47
7 71 7 72
3 55 3 54
76 96 76 95
20 77 76 95
72 36 71 36
78 47 78 48
51 67 50 67
74 75 73 75
5 74 73 75
2 13 2 12
44 48 2 12
5 82 5 81
75 10 75 11
82 11 75 11
58 43 75 11
70 1 71 1
42 47 43 47
19 75 20 75
76 14 76 15
41 66 41 67
47 44 47 43
78 48 77 48
92 9 93 9
34 97 34 98
71 37 34 98
80 11 79 11
91 22 91 21
53 11 54 11
37 71 37 70
31 27 30 27
36 93 36 94
7 95 36 94
39 27 36 94
10 71 10 70
44 38 10 70
18 5 18 6
47 96 46 96
4 41 4 42
96 21 4 42
6 91 4 42
90 85 4 42
55 24 56 24
30 15 56 24
17 76 56 24
16 93 16 92
59 26 58 26
47 59 47 58
79 93 79 92
29 82 28 82
2 63 1 63
22 33 1 63
6 2 7 2
98 11 7 2
23 5 7 2
26 27 26 28
37 32 37 33
65 48 65 47
51 84 50 84
25 77 26 77
25 88 26 77
39 75 39 76
79 61 79 60
3 63 2 63
14 85 2 63
86 80 86 81
91 75 91 74
44 10 44 11
25 90 44 11
64 78 44 11
85 71 44 11
62 77 44 11
58 78 58 79
22 35 58 79
39 73 39 74
78 70 78 69
33 40 32 40
78 97 77 97
59 59 59 58
30 66 30 67
27 90 27 91
43 90 44 90
50 56 49 56
83 15 83 14
2 33 83 14
95 7 95 6
49 2 49 1
44 40 49 1
7 27 6 27
43 16 42 16
17 89 17 88
53 78 53 77
30 4 31 4
97 97 31 4
96 74 96 73
39 38 39 39
54 68 54 69
10 26 10 27
30 78 29 78
80 31 81 31
32 92 32 93
49 27 32 93
20 93 20 92
96 93 96 92
1 92 1 91
57 64 58 64
87 19 86 19
48 56 86 19
44 66 44 67
41 78 40 78
75 83 75 82
71 85 71 84
55 2 55 1
97 12 97 13
15 65 16 65
78 96 78 95
56 48 57 48
7 14 57 48
66 66 57 48
21 17 21 16
7 9 8 9
1 87 0 87
55 94 54 94
9 8 8 8
5 69 5 68
43 3 5 68
2 72 3 72
61 26 61 25
38 75 61 25
67 33 68 33
24 27 24 28
8 31 24 28
90 58 89 58
43 42 43 43
16 3 43 43
24 65 23 65
98 24 99 24
29 23 29 22
13 8 13 7
93 19 92 19
57 20 58 20
6 96 6 95
45 8 6 95
12 57 13 57
30 86 31 86
16 8 17 8
7 96 6 96
12 96 13 96
37 92 37 91
68 55 69 55
93 5 93 4
98 25 98 24
45 46 45 47
98 85 45 47
49 87 49 88
12 55 13 55
63 44 64 44
78 84 77 84
31 10 31 11
36 69 36 68
43 97 43 96
53 59 53 58
46 41 46 42
61 66 60 66
48 17 48 16
22 39 48 16
17 71 18 71
22 59 23 59
18 21 17 21
79 33 80 33
46 83 46 82
22 36 22 37
40 10 40 11
20 71 20 70
58 14 59 14
88 41 87 41
88 24 88 25
69 5 68 5
93 25 93 24
95 47 93 24
46 65 46 64
44 84 43 84
24 49 23 49
35 79 36 79
8 32 8 31
42 73 42 74
32 47 31 47
30 38 31 47
1 26 0 26
18 29 18 28
65 35 66 35
21 30 20 30
40 74 20 30
66 70 20 30
70 56 70 57
75 66 75 67
24 66 24 65
26 56 25 56
36 27 37 27
98 19 99 19
27 3 28 3
63 47 64 47
7 47 6 47
79 31 80 31
12 57 13 57
78 44 79 44
74 89 73 89
28 41 28 42
71 5 70 5
47 64 70 5
45 18 45 19
9 66 9 65
86 95 9 65
86 40 9 65
41 74 40 74
62 44 62 45
10 34 9 34
85 83 85 82
3 24 3 23
29 41 29 40
33 40 33 41
54 2 54 1
21 82 21 81
7 15 7 16
56 79 57 79
36 46 57 79
64 74 64 73
78 33 79 33
42 19 42 18
13 51 13 50
67 96 13 50
90 25 90 26
58 20 58 21
90 32 89 32
94 82 95 82
11 95 10 95
5 67 10 95
61 73 61 74
90 42 61 74
22 73 22 74
51 2 51 3
71 93 51 3
95 58 96 58
76 76 76 75
7 93 7 92
46 57 47 57
89 83 47 57
39 12 39 13
98 46 99 46
21 18 21 19
6 47 21 19
44 23 21 19
63 62 62 62
74 30 62 62
8 57 9 57
66 27 66 28
60 16 60 15
34 18 35 18
43 17 44 17
95 80 44 17
40 30 44 17
91 55 91 56
59 66 91 56
40 22 91 56
79 65 79 64
76 27 76 26
87 20 86 20
44 16 44 17
49 92 44 17
95 23 44 17
57 58 44 17
57 47 58 47
7 11 6 11
13 69 13 70
18 57 18 58
24 61 24 62
67 76 66 76
76 25 66 76
58 63 58 64
38 45 39 45
77 35 78 35
4 72 3 72
86 9 3 72
30 58 30 57
57 43 56 43
50 7 50 8
36 53 36 54
43 65 42 65
22 52 42 65
55 79 55 80
65 20 65 19
19 45 20 45
79 25 80 25
28 59 29 59
14 90 13 90
55 7 55 8
20 48 55 8
42 36 42 37
2 50 2 51
92 58 92 57
95 92 95 91
83 75 83 76
41 97 41 96
23 13 23 14
24 58 25 58
59 14 25 58
16 69 16 68
41 64 16 68
82 44 16 68
41 72 16 68
60 42 60 43
89 51 60 43
28 22 29 22
69 26 29 22
32 7 32 6
80 98 79 98
43 54 42 54
45 47 45 46
77 77 77 78
27 37 28 37
41 51 41 52
86 23 85 23
50 84 50 83
78 79 79 79
30 9 79 79
41 50 42 50
91 38 90 38
56 1 56 0
12 53 13 53
15 69 16 69
97 44 98 44
49 56 49 55
70 82 49 55
36 27 37 27
21 22 37 27
21 19 20 19
57 75 20 19
17 56 18 56
43 78 43 77
77 18 76 18
46 23 47 23
31 89 31 90
76 63 75 63
84 12 85 12
69 61 85 12
19 27 19 26
91 18 91 17
95 45 94 45
50 61 49 61
68 60 69 60
93 31 94 31
89 1 89 0
6 35 89 0
25 10 24 10
15 52 15 51
14 58 15 51
67 91 67 92
86 36 87 36
56 48 56 47
97 50 97 51
56 48 97 51
27 26 26 26
19 31 20 31
3 31 3 32
59 79 59 80
73 13 72 13
23 68 22 68
6 56 6 55
54 17 55 17
89 85 89 84
54 44 89 84
96 7 89 84
59 17 89 84
47 75 46 75
45 16 46 16
82 82 81 82
56 20 55 20
47 17 48 17
37 4 37 5
82 4 82 5
9 97 82 5
56 12 56 13
70 78 56 13
13 17 56 13
87 91 87 92
83 78 87 92
53 31 87 92
49 62 49 61
57 15 56 15
27 76 56 15
90 48 89 48
13 46 12 46
26 15 12 46
12 1 12 46
56 31 55 31
40 63 55 31
8 74 8 75
72 39 72 40
81 6 72 40
4 36 72 40
62 57 63 57
35 42 35 43
57 69 56 69
35 66 36 66
96 91 96 92
59 38 96 92
76 24 76 23
66 85 66 86
98 86 98 87
88 72 98 87
51 62 52 62
40 3 39 3
19 64 18 64
47 34 47 33
70 39 71 39
14 65 15 65
59 5 59 6
61 94 59 6
42 70 42 69
17 92 16 92
69 26 69 25
80 9 80 10
37 2 37 1
93 65 92 65
73 52 72 52
13 88 13 87
78 80 13 87
58 12 13 87
64 68 64 67
76 87 75 87
25 22 24 22
79 15 78 15
16 72 78 15
40 97 41 97
21 69 22 69
30 28 29 28
65 46 29 28
56 35 29 28
18 37 29 28
32 9 29 28
34 8 33 8
56 79 56 78
61 55 61 56
9 24 10 24
87 5 87 6
54 46 54 45
66 19 67 19
29 30 28 30
47 9 47 10
42 28 43 28
33 20 43 28
49 14 49 15
88 94 49 15
1 61 1 60
34 90 34 89
27 17 27 18
85 5 85 6
59 69 58 69
17 30 17 31
83 13 83 12
90 80 90 81
26 67 26 66
13 32 14 32
63 74 62 74
23 64 23 63
91 83 23 63
82 80 82 81
52 71 52 72
97 4 97 5
19 55 20 55
8 38 8 39
79 56 78 56
26 77 26 76
62 77 62 78
34 66 33 66
42 20 33 66
92 69 92 68
87 87 86 87
72 85 71 85
48 59 48 58
97 13 97 12
18 11 18 12
91 49 90 49
62 75 63 75
72 51 72 52
30 66 29 66
49 8 49 9
77 11 78 11
87 6 87 7
11 38 87 7
6 45 5 45
9 10 8 10
75 40 75 39
40 12 75 39
61 80 61 79
42 22 42 21
68 32 68 31
78 30 79 30
82 90 83 90
40 40 83 90
42 92 42 91
76 1 76 2
33 85 34 85
19 31 20 31
11 34 11 35
26 18 27 18
71 80 70 80
41 50 42 50
21 5 21 6
28 52 27 52
90 40 91 40
93 82 93 81
66 84 66 85
44 11 43 11
10 30 9 30
68 60 9 30
59 2 9 30
22 59 22 60
70 15 71 15
2 32 2 31
28 67 2 31
38 40 38 39
45 35 45 34
7 4 6 4
81 57 80 57
27 10 27 9
58 85 58 84
15 32 14 32
25 4 26 4
82 18 26 4
77 88 76 88
57 94 56 94
72 30 72 31
23 69 22 69
29 18 28 18
3 18 3 17
74 11 3 17
70 34 71 34
51 2 71 34
36 46 36 45
70 50 70 51
68 68 70 51
60 36 59 36
24 98 24 99
73 51 74 51
80 27 74 51
4 67 3 67
41 19 42 19
41 51 40 51
53 94 40 51
61 65 60 65
89 5 90 5
72 53 90 5
50 70 50 69
76 6 77 6
25 39 25 40
39 67 38 67
73 35 74 35
69 67 74 35
21 30 20 30
27 62 28 62
7 85 7 86
37 2 38 2
13 6 38 2
56 61 57 61
28 73 28 74
85 14 85 15
29 9 30 9
44 65 44 66
64 66 64 65
56 75 57 75
57 34 57 35
46 50 57 35
30 49 57 35
14 24 57 35
81 45 80 45
4 54 80 45
64 8 64 9
15 81 16 81
59 45 16 81
12 43 11 43
36 76 11 43
79 43 80 43
74 22 74 23
88 40 88 41
94 32 94 33
96 50 95 50
65 33 64 33
37 34 36 34
73 11 73 10
81 66 82 66
29 38 28 38
22 59 22 58
52 82 52 83
87 61 86 61
73 63 86 61
11 86 10 86
8 3 8 2
5 35 5 34
23 69 23 70
80 92 80 91
3 59 3 58
31 29 31 28
95 92 94 92
3 57 94 92
26 51 27 51
23 30 22 30
51 6 52 6
41 1 41 2
69 80 41 2
21 5 21 6
29 33 21 6
57 25 56 25
78 92 78 93
53 52 78 93
55 35 55 36
44 73 43 73
11 61 11 62
21 56 22 56
70 66 22 56
94 65 22 56
23 35 23 36
96 62 96 61
45 91 45 92
51 71 51 72
37 31 37 30
70 70 37 30
29 34 28 34
85 10 85 9
91 50 92 50
34 76 34 75
63 3 64 3
62 15 63 15
20 15 20 16
8 23 7 23
13 60 7 23
94 84 94 85
4 8 4 7
7 68 7 69
95 83 96 83
46 77 46 78
15 44 15 43
49 84 49 85
38 11 39 11
93 57 39 11
45 55 45 56
91 94 91 95
76 35 77 35
20 7 20 6
46 49 45 49
81 76 81 75
74 23 75 23
98 93 97 93
69 27 69 28
91 30 91 29
79 68 80 68
27 39 28 39
96 18 96 19
55 63 55 62
91 5 55 62
10 4 10 3
32 20 33 20
51 57 33 20
76 35 76 36
77 44 77 45
44 11 77 45
79 8 80 8
72 96 72 97
23 12 22 12
9 4 10 4
36 25 36 26
52 92 36 26
66 35 66 34
72 50 71 50
91 51 91 52
31 10 31 9
18 88 31 9
4 81 4 82
82 8 82 7
45 85 44 85
89 80 89 81
41 75 40 75
98 69 98 68
94 51 93 51
75 88 75 89
88 89 87 89
55 52 54 52
73 3 72 3
72 77 72 78
98 45 99 45
52 95 51 95
19 37 51 95
90 79 90 80
83 22 90 80
61 93 61 92
75 77 75 76
95 87 94 87
51 70 94 87
53 19 53 18
22 59 22 60
74 72 75 72
65 83 64 83
78 76 64 83
51 34 51 35
63 94 62 94
81 95 81 94
21 82 21 81
50 36 49 36
33 2 32 2
86 14 86 15
20 60 21 60
31 6 32 6
11 14 10 14
94 5 10 14
85 15 84 15
33 54 34 54
45 15 44 15
50 79 44 15
29 21 44 15
74 63 75 63
46 78 46 79
66 73 67 73
42 68 41 68
81 97 80 97
2 74 2 73
13 58 12 58
1 85 0 85
95 36 0 85
40 76 0 85
98 33 98 34
50 16 51 16
40 83 41 83
66 65 65 65
47 91 47 92
13 56 14 56
36 15 36 14
33 98 34 98
43 80 44 80
72 29 44 80
1 30 1 31
46 83 47 83
53 86 53 85
55 80 55 81
15 33 14 33
68 38 14 33
41 26 42 26
30 95 31 95
49 45 49 44
1 63 49 44
18 55 18 56
12 67 12 66
13 29 12 29
55 52 56 52
15 86 15 87
67 86 68 86
21 28 21 27
47 91 47 90
45 96 45 95
73 97 74 97
4 29 4 28
62 77 4 28
3 44 2 44
23 90 24 90
34 83 35 83
10 55 10 54
89 48 90 48
14 1 14 2
44 74 44 73
88 53 88 52
76 89 76 88
52 97 76 88
36 46 76 88
10 56 11 56
79 61 79 60
37 92 36 92
14 77 36 92
7 22 36 92
97 29 36 92
57 38 57 39
52 80 51 80
9 51 10 51
94 76 95 76
61 86 61 87
64 13 64 14
83 22 83 23
28 84 28 83
72 5 72 4
38 18 38 17
83 66 83 65
61 18 61 19
43 67 43 66
27 36 26 36
40 65 26 36
38 64 38 63
34 21 34 20
34 43 35 43
34 50 34 51
85 64 86 64
50 6 49 6
75 27 75 26
7 67 7 66
6 54 5 54
80 81 80 80
17 2 17 1
31 80 31 79
67 56 68 56
67 11 66 11
43 3 43 4
4 22 4 21
86 79 87 79
55 38 56 38
6 5 6 6
50 70 49 70
49 37 49 38
7 30 7 29
54 76 7 29
63 77 64 77
75 66 74 66
44 82 44 83
84 23 85 23
67 63 66 63
82 54 82 55
28 33 27 33
37 5 37 4
11 24 37 4
33 97 33 98
89 56 89 55
13 39 12 39
62 23 62 22
71 27 72 27
6 87 6 88
71 2 6 88
65 39 64 39
94 49 94 48
13 33 14 33
77 90 78 90
10 23 78 90
83 49 78 90
73 93 72 93
29 52 28 52
86 1 28 52
54 98 28 52
23 7 23 8
84 54 85 54
21 29 20 29
79 58 20 29
70 43 70 42
25 65 70 42
33 50 34 50
86 38 34 50
33 92 34 92
92 81 92 80
47 75 47 74
65 83 66 83
25 69 24 69
14 28 14 27
22 95 22 94
29 21 28 21
78 29 78 30
34 33 35 33
82 34 82 35
6 5 7 5
93 64 93 65
39 47 39 48
46 80 47 80
37 36 37 35
62 80 63 80
75 46 76 46
50 8 49 8
34 10 34 11
27 59 27 58
6 35 6 34
1 89 6 34
64 56 64 57
55 97 55 96
78 93 78 94
98 25 98 26
51 38 50 38
11 94 12 94
91 44 91 43
73 55 73 56
16 49 15 49
56 78 57 78
15 30 15 31
50 23 51 23
29 80 28 80
89 45 89 44
65 57 66 57
49 81 49 82
73 24 72 24
65 26 66 26
98 17 97 17
36 72 35 72
1 48 1 47
28 7 28 6
85 87 86 87
17 9 18 9
76 54 76 53
98 17 97 17
25 98 26 98
78 54 79 54
51 70 51 71
23 78 22 78
64 32 65 32
10 88 11 88
32 25 11 88
79 90 80 90
71 34 70 34
97 74 97 73
11 46 97 73
36 23 97 73
61 56 97 73
74 91 97 73
29 17 97 73
76 16 76 17
95 55 95 54
29 57 95 54
51 43 95 54
24 7 23 7
48 80 48 81
21 85 21 86
74 48 74 47
20 59 21 59
70 62 21 59
37 77 38 77
17 78 18 78
37 14 36 14
84 30 84 31
66 28 66 27
64 92 63 92
49 27 48 27
40 96 40 95
80 27 80 28
2 98 2 99
42 54 43 54
83 14 84 14
65 7 65 8
21 3 65 8
64 63 64 62
71 55 70 55
83 77 83 78
50 31 83 78
2 72 1 72
84 26 84 25
5 18 5 19
90 23 90 24
19 19 19 18
65 49 64 49
66 16 65 16
90 50 90 51
47 27 46 27
68 53 69 53
62 26 63 26
31 26 63 26
86 44 86 43
62 79 86 43
65 31 66 31
37 16 66 31
2 98 1 98
80 41 79 41
68 84 69 84
59 70 58 70
53 93 54 93
70 6 71 6
41 86 41 85
58 96 59 96
52 60 51 60
51 47 50 47
37 28 50 47
46 48 45 48
13 58 13 59
40 90 41 90
39 95 40 95
96 43 96 42
28 6 27 6
3 91 4 91
77 60 77 59
92 5 92 4
76 68 76 67
9 92 10 92
2 17 2 18
45 35 45 36
5 50 4 50
40 89 40 90
97 32 98 32
67 75 67 76
73 34 72 34
1 20 1 21
91 98 92 98
45 10 92 98
32 72 92 98
20 17 20 18
18 79 18 78
25 17 26 17
78 89 77 89
17 5 77 89
36 35 36 34
1 19 0 19
9 59 9 60
92 51 92 50
88 18 88 19
55 97 55 96
58 45 58 44
61 24 61 23
2 40 3 40
89 7 89 8
8 1 7 1
77 60 76 60
82 32 83 32
92 51 83 32
50 29 83 32
80 36 81 36
93 28 94 28
12 43 12 42
12 16 12 42
30 27 30 26
72 69 72 70
91 11 91 12
74 46 75 46
24 80 23 80
46 24 46 25
79 11 79 12
56 28 55 28
9 86 9 85
43 51 43 50
75 42 75 43
67 80 75 43
84 10 85 10
53 45 85 10
95 64 95 63
89 16 89 17
43 2 44 2
39 53 40 53
25 36 40 53
79 6 80 6
75 40 74 40
85 15 85 14
82 76 81 76
24 91 81 76
58 73 59 73
60 56 59 56
19 64 19 63
65 38 65 39
12 73 12 74
17 88 12 74
30 55 30 56
9 76 9 75
69 67 70 67
8 91 9 91
25 3 25 2
31 31 25 2
68 84 68 85
72 54 73 54
31 1 32 1
66 69 65 69
84 20 65 69
12 4 13 4
70 35 71 35
47 43 48 43
13 33 13 34
46 77 45 77
71 8 71 9
5 94 5 93
40 39 40 40
40 50 40 51
38 87 37 87
75 88 74 88
92 14 92 15
10 27 9 27
81 2 82 2
61 10 62 10
44 28 44 27
37 60 37 61
90 72 37 61
92 66 93 66
90 60 90 61
11 94 10 94
10 39 10 94
58 27 58 26
54 24 58 26
86 51 86 52
94 60 95 60
32 64 31 64
38 35 38 36
64 46 63 46
76 93 75 93
28 89 28 90
50 28 50 29
8 94 9 94
98 90 98 91
55 48 98 91
19 9 98 91
92 21 91 21
75 28 91 21
70 93 70 94
84 40 84 39
61 18 60 18
91 58 91 59
86 87 91 59
45 56 45 55
28 35 29 35
86 60 29 35
61 35 29 35
54 37 54 36
57 9 56 9
42 58 42 57
67 30 42 57
41 32 42 32
21 33 22 33
53 4 53 5
51 29 52 29
10 11 11 11
60 78 60 79
29 38 60 79
51 35 50 35
37 20 36 20
95 56 95 55
95 86 95 85
89 54 95 85
8 85 9 85
13 22 9 85
63 56 62 56
8 46 8 45
40 5 40 4
58 5 58 4
37 72 38 72
34 96 34 95
22 37 34 95
44 72 43 72
90 5 91 5
17 50 17 49
44 61 45 61
38 4 38 3
3 70 38 3
73 3 73 4
70 60 69 60
80 66 80 67
14 16 80 67
73 3 73 4
12 64 13 64
46 75 45 75
53 61 45 75
41 25 40 25
17 61 17 62
33 56 17 62
13 54 13 55
71 67 71 66
12 7 12 8
20 45 21 45
11 59 11 58
15 76 11 58
43 85 42 85
27 78 27 77
21 21 21 20
11 27 11 26
72 75 71 75
63 73 63 74
65 57 65 58
47 67 65 58
61 23 62 23
1 23 1 22
23 84 24 84
27 18 28 18
59 18 58 18
63 65 58 18
50 51 58 18
82 96 82 97
70 83 82 97
88 88 88 89
61 36 61 37
17 86 18 86
49 5 49 4
79 18 79 19
28 20 28 21
57 81 56 81
45 91 46 91
86 20 86 19
76 88 86 19
63 43 64 43
77 82 76 82
85 80 85 81
86 10 85 10
1 4 0 4
12 17 0 4
33 8 34 8
56 44 56 43
85 46 86 46
88 21 88 22
11 46 10 46
55 58 55 57
65 14 64 14
85 8 86 8
53 77 54 77
26 9 27 9
59 66 58 66
42 90 58 66
38 85 38 84
20 58 19 58
6 37 7 37
98 4 7 37
41 4 42 4
33 14 34 14
33 84 34 14
64 64 65 64
10 17 10 16
4 83 5 83
21 87 22 87
32 76 22 87
59 14 58 14
26 73 26 72
84 82 85 82
35 13 34 13
39 30 39 31
39 70 40 70
39 18 39 17
69 16 69 15
67 13 68 13
57 52 56 52
4 51 4 52
83 1 83 0
89 61 89 62
48 24 49 24
62 71 63 71
67 95 63 71
83 29 84 29
56 90 57 90
92 47 92 48
30 7 31 7
15 47 14 47
90 6 91 6
56 43 56 44
58 57 58 58
85 77 58 58
84 83 84 84
48 6 49 6
88 34 89 34
67 98 66 98
98 54 99 54
42 14 41 14
95 83 96 83
26 92 26 93
25 39 25 38
85 48 86 48
4 87 5 87
77 36 77 35
24 86 23 86
2 45 3 45
89 73 89 74
63 59 62 59
29 77 29 76
8 11 9 11
22 26 22 27
18 96 18 97
52 76 52 75
11 5 52 75
59 74 59 73
37 90 37 89
96 43 96 42
2 15 2 16
39 35 38 35
86 98 38 35
62 36 61 36
63 41 63 42
95 59 63 42
72 66 73 66
22 66 21 66
52 33 53 33
41 26 40 26
79 22 79 23
54 73 54 72
78 93 79 93
12 34 13 34
90 36 13 34
24 59 24 60
3 19 3 18
66 18 67 18
53 5 53 6
65 96 65 97
67 93 66 93
50 14 50 13
53 60 52 60
84 69 84 70
53 4 53 3
77 8 77 7
34 42 77 7
4 18 77 7
8 28 8 27
95 13 96 13
39 96 39 97
67 19 66 19
68 64 66 19
9 55 9 54
81 20 81 21
52 79 52 78
88 37 88 38
72 10 88 38
18 3 17 3
27 78 17 3
90 47 90 48
66 19 67 19
90 17 90 18
98 6 97 6
46 82 46 81
88 33 88 32
48 40 48 41
52 61 52 62
48 42 52 62
90 53 91 53
17 90 17 91
33 82 33 81
55 74 55 75
78 7 78 6
68 64 68 63
64 17 64 18
19 83 19 84
20 30 20 29
9 88 20 29
73 76 73 75
22 54 22 55
39 35 40 35
79 2 79 3
46 11 46 10
63 93 63 94
59 6 59 7
33 63 59 7
20 42 21 42
27 95 27 96
16 15 16 14
19 61 16 14
58 68 59 68
64 20 63 20
25 91 25 92
43 83 43 82
63 38 62 38
56 11 57 11
4 74 4 73
52 38 53 38
39 56 39 55
57 42 57 41
16 87 16 86
5 37 6 37
93 76 92 76
78 94 78 93
3 34 3 33
15 52 15 53
38 70 38 69
48 19 48 20
8 14 8 15
57 41 56 41
60 81 61 81
18 41 19 41
27 63 28 63
37 45 38 45
83 90 84 90
79 8 84 90
59 36 59 37
60 61 60 60
55 55 54 55
29 45 28 45
42 14 42 15
70 92 70 93
43 19 44 19
9 35 9 36
63 60 63 59
60 70 59 70
64 77 64 76
94 70 93 70
91 74 92 74
54 12 55 12
49 13 49 14
94 72 95 72
19 1 95 72
87 80 86 80
13 11 13 10
16 87 13 10
72 83 72 82
54 88 54 89
10 53 10 54
39 96 39 97
57 51 39 97
70 78 71 78
59 78 59 79
50 14 50 13
36 81 37 81
34 85 33 85
13 22 12 22
1 42 1 41
6 21 6 22
57 80 56 80
56 71 56 80
52 16 52 17
8 4 9 4
31 65 31 66
84 50 84 49
17 37 84 49
18 73 84 49
18 71 19 71
98 19 19 71
31 93 32 93
4 28 4 29
72 59 72 58
61 82 61 83
68 1 68 2
31 91 31 92
35 80 34 80
68 42 67 42
66 32 66 33
33 17 66 33
60 73 66 33
48 33 47 33
95 96 94 96
92 45 92 46
57 47 57 48
87 65 87 66
64 49 87 66
4 7 4 8
42 98 43 98
14 3 14 2
10 92 11 92
89 61 88 61
30 19 30 20
95 10 96 10
81 36 81 37
89 47 90 47
30 6 30 5
84 57 30 5
71 59 30 5
37 32 36 32
39 61 40 61
26 26 27 26
40 10 40 9
22 51 40 9
39 96 40 96
59 51 58 51
46 78 46 77
30 1 46 77
80 22 80 23
80 17 80 16
50 20 50 19
44 33 43 33
19 25 19 24
28 81 27 81
8 83 7 83
59 37 60 37
68 97 67 97
96 10 67 97
20 26 21 26
4 56 5 56
22 57 22 56
7 58 22 56
65 46 65 45
75 17 65 45
79 67 78 67
32 15 32 16
63 30 32 16
41 15 41 14
20 35 20 36
34 15 33 15
1 48 33 15
24 8 24 7
21 6 20 6
4 34 5 34
4 93 4 92
62 93 4 92
83 64 83 63
76 12 77 12
23 45 22 45
48 19 48 18
25 60 25 61
58 45 25 61
76 11 77 11
30 13 31 13
12 94 12 93
67 48 66 48
16 76 66 48
47 32 66 48
37 81 37 80
16 22 16 23
28 60 29 60
26 11 26 12
10 49 11 49
74 32 74 31
33 78 74 31
93 74 93 75
50 16 49 16
85 47 85 48
62 85 62 86
28 76 28 75
20 81 20 80
42 82 43 82
77 6 77 7
35 42 34 42
81 17 82 17
48 61 48 60
73 6 72 6
91 59 92 59
59 64 92 59
97 28 97 27
33 79 34 79
37 16 37 15
29 44 29 43
26 98 25 98
54 28 54 29
18 66 54 29
12 50 11 50
50 18 50 19
45 80 50 19
51 78 52 78
94 85 93 85
98 88 93 85
30 97 31 97
63 61 63 62
92 41 92 40
72 2 92 40
97 68 97 67
4 49 97 67
51 19 52 19
79 34 78 34
53 15 53 16
52 7 52 8
11 73 10 73
29 44 29 45
79 87 79 86
46 92 46 91
31 53 32 53
97 29 97 30
80 94 79 94
32 25 79 94
19 73 19 72
24 14 25 14
54 7 25 14
43 69 43 68
45 85 45 86
30 45 30 46
10 29 10 30
17 46 17 45
12 60 17 45
54 49 54 48
10 59 10 60
86 20 86 19
91 89 90 89
68 47 68 48
31 45 31 46
43 57 31 46
97 2 98 2
92 98 93 98
89 13 90 13
35 47 36 47
73 24 73 25
46 48 45 48
90 86 91 86
50 69 50 68
45 85 50 68
74 53 74 52
66 34 66 35
11 7 10 7
72 35 72 34
28 55 72 34
75 26 76 26
36 12 36 13
51 88 36 13
37 38 36 13
63 12 63 13
29 90 30 90
62 16 30 90
46 73 30 90
11 5 10 5
42 32 42 33
12 25 11 25
57 17 56 17
88 61 87 61
7 19 7 20
17 89 17 90
56 62 56 61
2 78 2 77
70 82 69 82
77 12 69 82
72 80 72 79
5 30 72 79
86 72 87 72
3 97 3 98
6 17 6 16
86 50 6 16
10 78 10 79
40 42 41 42
55 62 54 62
49 98 49 97
1 84 0 84
39 94 40 94
73 74 73 75
2 51 1 51
84 76 83 76
32 9 32 10
68 58 32 10
40 65 39 65
19 64 19 65
80 48 81 48
71 15 72 15
35 70 34 70
64 81 34 70
58 19 59 19
41 52 41 53
35 78 35 79
76 48 76 49
87 80 76 49
11 3 12 3
71 29 72 29
79 87 79 86
56 72 55 72
11 4 12 4
83 43 84 43
93 26 84 43
21 71 20 71
66 21 65 21
39 82 39 81
76 91 76 90
45 55 45 54
27 1 45 54
75 64 76 64
23 49 22 49
24 3 24 2
47 28 47 29
85 25 86 25
54 85 86 25
26 54 86 25
49 6 50 6
75 1 76 1
13 8 13 7
19 71 19 72
79 47 80 47
76 98 77 98
21 66 22 66
64 83 63 83
58 24 58 23
35 45 35 46
32 74 31 74
94 30 95 30
35 31 35 32
95 92 95 91
92 31 92 30
63 53 64 53
59 66 64 53
41 6 42 6
29 70 30 70
55 16 30 70
10 98 10 99
55 66 55 67
77 59 76 59
26 8 26 9
27 70 28 70
56 68 28 70
92 79 28 70
78 61 78 60
82 14 82 15
82 87 82 86
66 48 66 47
23 54 66 47
32 25 31 25
30 11 30 10
88 54 89 54
64 83 64 82
5 51 5 50
52 60 52 61
27 7 27 6
30 20 31 20
44 85 31 20
87 38 31 20
75 58 75 59
87 39 87 38
95 41 95 40
30 59 30 60
96 43 95 43
75 27 74 27
85 81 86 81
32 46 33 46
92 65 92 66
97 52 97 51
2 54 2 53
19 41 18 41
27 50 28 50
52 79 28 50
71 12 71 13
28 15 29 15
49 15 49 16
67 76 68 76
60 62 68 76
11 21 10 21
46 8 10 21
59 18 59 19
50 26 51 26
78 8 78 7
26 62 26 61
96 23 26 61
64 65 26 61
54 7 55 7
25 2 25 1
54 89 53 89
24 83 23 83
49 38 23 83
19 37 20 37
22 39 20 37
30 86 30 85
58 80 59 80
66 25 65 25
27 78 27 79
42 46 42 47
6 87 6 88
12 21 12 22
20 46 20 45
24 6 24 7
60 46 60 45
45 80 60 45
96 70 97 70
70 18 71 18
54 86 53 86
31 33 31 32
69 60 69 59
81 57 80 57
63 91 63 92
17 4 17 5
50 24 50 23
72 89 72 90
25 76 25 77
95 90 94 90
32 83 32 84
44 47 44 48
40 11 39 11
67 41 68 41
18 7 18 6
61 31 18 6
83 91 82 91
5 2 5 3
59 60 59 61
32 52 33 52
14 32 14 31
39 30 38 30
14 27 14 28
86 37 86 38
97 36 97 35
15 81 15 82
18 36 18 35
40 76 18 35
44 5 44 4
26 33 26 34
65 93 26 34
29 97 28 97
41 59 40 59
9 55 9 54
33 6 34 6
89 90 34 6
40 48 40 47
52 23 51 23
60 42 61 42
77 30 77 31
21 80 21 81
70 51 69 51
40 98 39 98
79 59 80 59
76 56 76 57
82 18 81 18
4 72 81 18
62 74 81 18
69 17 70 17
6 69 6 68
53 88 6 68
60 33 6 68
45 71 45 70
67 47 45 70
5 24 5 25
29 64 29 63
85 33 86 33
9 79 9 78
38 66 37 66
38 62 38 63
91 21 90 21
87 76 90 21
71 26 70 26
74 75 70 26
44 37 43 37
72 78 73 78
76 84 77 84
19 88 19 89
81 79 81 78
82 91 83 91
78 60 79 60
1 98 2 98
7 3 6 3
50 47 50 48
25 21 24 21
55 5 56 5
8 51 7 51
48 48 7 51
77 18 77 19
67 82 66 82
96 41 96 42
81 1 81 2
31 52 81 2
11 56 81 2
76 49 75 49
45 66 45 65
30 51 30 52
52 48 51 48
8 53 51 48
55 76 56 76
89 19 89 18
25 19 25 20
53 41 52 41
47 48 47 47
94 11 94 12
17 92 16 92
19 7 19 6
34 43 33 43
11 17 12 17
31 41 32 41
97 21 97 22
26 53 26 52
17 40 26 52
24 59 23 59
74 23 73 23
5 96 6 96
54 85 54 84
66 97 67 97
8 10 67 97
68 66 67 97
91 55 91 54
89 61 91 54
57 60 91 54
80 11 91 54
44 14 44 13
30 6 31 6
15 27 16 27
84 97 84 98
97 52 98 52
73 30 98 52
83 27 83 28
89 76 90 76
88 95 87 95
50 57 50 56
86 3 50 56
62 82 62 83
8 32 62 83
37 23 62 83
78 61 77 61
96 41 95 41
34 90 95 41
39 87 40 87
70 82 69 82
41 11 42 11
65 90 66 90
23 86 22 86
79 69 78 69
8 9 78 69
47 62 46 62
88 68 46 62
10 59 10 60
73 87 72 87
36 46 36 47
11 45 10 45
23 23 10 45
1 74 1 75
25 73 26 73
20 63 19 63
45 68 45 69
77 14 45 69
70 88 71 88
65 40 64 40
39 12 64 40
15 74 15 73
69 57 15 73
95 75 95 74
57 37 95 74
57 69 57 70
76 20 76 19
75 35 74 35
86 37 85 37
73 51 74 51
63 75 63 74
86 34 85 34
74 38 74 39
29 32 29 33
70 75 69 75
52 87 53 87
33 6 33 5
31 44 30 44
34 49 33 49
17 31 17 32
42 60 42 61
11 66 42 61
60 5 60 6
26 51 60 6
74 88 74 87
79 80 80 80
18 49 17 49
3 83 2 83
57 1 57 0
66 58 66 57
24 90 25 90
93 57 25 90
28 85 29 85
50 43 50 44
36 36 37 36
39 86 38 86
80 78 38 86
10 68 38 86
62 74 38 86
70 32 69 32
64 16 64 17
65 70 66 70
15 90 15 89
67 92 67 93
75 29 67 93
13 58 14 58
15 98 14 98
61 33 14 98
66 39 65 39
43 78 43 79
32 56 33 56
65 73 65 74
9 61 9 60
53 95 9 60
74 72 73 72
91 16 91 17
16 35 16 36
5 12 16 36
45 10 45 11
87 61 87 62
96 86 97 86
52 6 52 5
51 87 51 88
50 58 49 58
92 87 93 87
69 17 68 17
64 52 65 52
14 89 14 90
26 52 26 53
56 4 56 3
3 6 3 7
95 54 96 54
77 23 78 23
65 49 65 48
11 71 10 71
53 91 54 91
60 21 60 20
6 84 6 83
75 38 74 38
79 68 79 67
38 5 38 6
12 21 38 6
50 90 50 91
34 58 33 58
54 5 54 4
7 45 8 45
44 24 45 24
18 12 17 12
13 20 13 19
41 64 13 19
74 77 74 78
3 50 74 78
70 49 71 49
95 68 96 68
71 14 71 15
71 50 72 50
72 2 72 50
74 72 74 71
53 50 74 71
81 86 82 86
17 56 18 56
15 73 14 73
93 39 94 39
46 61 46 62
68 21 46 62
35 82 36 82
34 10 36 82
42 32 36 82
72 29 72 28
21 82 22 82
8 60 8 59
17 80 18 80
39 95 38 95
55 58 55 59
96 7 97 7
72 49 72 50
84 93 84 92
40 36 41 36
46 86 41 36
96 94 96 93
12 97 12 98
32 90 32 89
13 46 14 46
92 9 92 8
87 69 87 68
6 73 6 72
67 2 67 3
85 13 84 13
1 74 2 74
60 14 61 14
48 9 61 14
18 52 19 52
57 78 56 78
66 35 66 36
24 48 25 48
16 83 17 83
10 82 10 83
21 24 22 24
37 14 36 14
78 28 77 28
77 90 78 90
2 82 2 83
89 25 2 83
49 39 50 39
44 48 50 39
49 14 50 39
79 25 79 24
2 55 2 56
93 25 94 25
3 65 3 64
60 30 59 30
9 28 59 30
93 18 94 18
31 92 94 18
47 67 94 18
3 74 94 18
26 58 25 58
13 23 13 24
17 87 17 88
65 30 66 30
8 48 9 48
71 86 72 86
56 69 57 69
35 45 57 69
69 26 69 25
76 31 75 31
70 6 70 5
40 72 41 72
95 17 95 18
41 70 41 69
77 3 41 69
32 4 32 3
62 7 63 7
52 13 52 14
91 81 91 82
64 69 91 82
26 97 26 98
14 87 15 87
98 97 99 97
82 33 99 97
91 34 90 34
9 86 9 87
3 25 9 87
43 36 9 87
27 62 9 87
19 58 18 58
49 66 49 67
52 8 51 8
38 46 39 46
94 26 94 27
72 61 72 62
5 71 6 71
16 42 16 41
55 94 56 94
90 95 91 95
36 76 36 75
88 71 36 75
48 14 48 13
55 65 55 66
58 62 59 62
13 23 59 62
77 58 59 62
60 8 59 8
11 52 11 53
97 35 98 35
84 88 84 89
74 86 74 85
77 49 74 85
65 15 74 85
2 31 2 32
50 34 2 32
35 11 36 11
51 13 50 13
28 45 29 45
23 38 29 45
15 30 14 30
54 37 55 37
19 75 20 75
78 42 20 75
25 16 25 15
85 64 86 64
40 80 39 80
92 78 93 78
23 43 93 78
25 25 25 26
15 42 25 26
73 91 73 90
23 1 73 90
39 49 73 90
50 52 49 52
41 44 42 44
34 35 42 44
57 21 57 22
25 50 25 51
12 57 11 57
72 24 72 23
40 53 40 52
96 39 97 39
46 84 47 84
86 77 87 77
70 83 69 83
56 28 56 27
97 69 56 27
86 81 87 81
17 86 87 81
85 9 85 8
7 95 7 96
33 82 32 82
85 8 32 82
32 5 32 4
12 22 13 22
25 25 13 22
6 65 13 22
79 92 13 22
2 87 2 88
64 81 63 81
70 31 63 81
31 85 30 85
42 55 43 55
5 66 43 55
50 40 50 39
4 59 4 58
50 57 50 58
61 46 62 46
56 8 62 46
43 34 62 46
7 4 7 5
20 61 21 61
50 70 21 61
94 60 95 60
29 66 28 66
79 22 79 23
59 96 79 23
83 93 82 93
26 6 82 93
80 51 79 51
91 68 91 69
1 19 2 19
89 52 89 51
27 14 27 15
41 5 27 15
10 26 10 25
46 90 45 90
83 55 45 90
40 56 40 55
84 65 85 65
96 22 85 65
73 18 72 18
73 1 73 2
28 29 28 30
13 1 13 2
21 71 21 70
67 95 67 96
95 86 96 86
80 74 80 75
25 91 25 90
41 15 40 15
72 16 72 17
7 72 7 73
46 72 45 72
14 60 14 59
8 75 8 74
93 57 94 57
40 59 39 59
17 37 39 59
15 76 14 76
83 11 83 12
56 66 55 66
55 46 55 66
76 22 55 66
64 64 55 66
65 98 65 99
38 97 38 98
60 31 61 31
76 69 77 69
17 8 17 7
95 2 95 3
58 86 59 86
27 38 59 86
39 19 38 19
24 68 23 68
85 22 86 22
53 22 54 22
98 54 98 53
44 85 45 85
72 30 72 31
43 96 42 96
97 96 98 96
22 81 22 80
8 15 9 15
80 87 79 87
55 76 54 76
67 5 68 5
88 77 87 77
69 57 69 58
81 19 81 18
52 29 81 18
64 92 81 18
82 36 81 36
65 96 65 95
4 38 65 95
98 8 98 7
8 12 8 11
46 15 8 11
58 36 57 36
8 71 8 70
44 45 45 45
36 63 36 62
98 97 97 97
30 53 30 54
61 21 30 54
53 59 53 60
29 59 53 60
81 11 53 60
51 49 52 49
26 80 27 80
5 81 6 81
59 45 59 44
88 13 88 12
31 41 31 40
3 87 3 86
56 59 56 58
84 44 83 44
91 96 90 96
35 55 36 55
30 77 30 76
80 50 79 50
31 70 32 70
29 86 28 86
25 13 26 13
94 81 95 81
6 53 6 52
19 93 18 93
60 82 18 93
28 8 18 93
5 92 4 92
5 25 5 24
9 49 5 24
77 28 77 27
51 38 52 38
77 38 77 37
36 75 36 74
30 29 29 29
95 49 96 49
47 37 47 36
77 68 47 36
46 7 47 36
8 12 8 13
44 68 44 67
70 31 70 30
67 37 67 38
67 70 67 69
22 20 67 69
13 85 67 69
20 85 21 85
90 39 90 40
55 34 90 40
81 80 81 79
40 57 40 58
8 59 40 58
53 1 40 58
16 39 40 58
65 24 64 24
15 31 15 30
58 47 58 46
20 36 19 36
94 17 94 18
43 71 44 71
46 5 45 5
16 24 16 25
59 88 16 25
12 52 11 52
74 94 75 94
10 39 9 39
81 77 81 78
32 79 33 79
28 92 29 92
71 75 71 76
17 75 18 75
21 46 20 46
48 4 48 5
58 12 57 12
89 91 89 92
18 49 18 48
8 5 18 48
5 24 6 24
79 93 79 92
68 16 79 92
40 24 39 24
76 14 76 15
20 98 20 97
15 72 14 72
87 43 88 43
30 30 30 29
76 57 76 56
73 92 72 92
73 9 73 8
74 71 75 71
2 96 75 71
84 97 84 96
77 38 84 96
22 81 21 81
63 71 64 71
47 74 64 71
47 89 64 71
55 64 55 65
45 53 44 53
87 10 86 10
30 42 31 42
5 90 31 42
76 91 75 91
76 46 77 46
97 79 97 80
49 7 48 7
56 98 48 7